1/1534849290367911.png 1 244 180 162 109
1/1534849291070018.png 1 242 181 164 108
1/1534849291168990.png 1 242 181 162 108
1/1534849291267650.png 1 248 178 156 112
1/1534849291369051.png 1 246 181 157 112
1/1534849292667597.png 1 269 170 159 117
1/1534849293767229.png 1 221 156 187 100
1/1534849293867385.png 1 227 162 185 97
1/1534849293967199.png 1 228 170 186 104
1/1534849294069417.png 1 227 179 189 98
1/1534849294467361.png 1 217 176 202 107
1/1534849294569393.png 1 209 178 210 103
1/1534849294667123.png 1 212 177 209 103
1/1534849294768128.png 1 222 178 206 108
1/1534849294867051.png 1 217 179 215 111
1/1534849294967113.png 1 222 180 214 102
1/1534849295766902.png 1 243 182 222 102
1/1534849295866899.png 1 239 179 231 104
1/1534849295967954.png 1 240 179 228 107
1/1534849296069149.png 1 237 179 230 106
1/1534849296167618.png 1 229 181 239 105
1/1534849296267552.png 1 231 181 233 106
1/1534849296367412.png 1 232 185 225 102
1/1534849297266925.png 1 219 179 220 103
1/1534849297367209.png 1 216 177 213 101
1/1534849297467214.png 1 213 180 208 101
1/1534849297569277.png 1 202 177 204 110
1/1534849297666859.png 1 188 179 203 101
1/1534849298069007.png 1 193 180 189 100
1/1534849298166517.png 1 187 177 195 103
1/1534849298766607.png 1 221 178 163 111
1/1534849298866375.png 1 207 181 177 108
1/1534849298967433.png 1 207 181 175 108
1/1534849299081206.png 1 225 183 157 103
1/1534849299866406.png 1 223 181 166 106
1/1534849299966147.png 1 230 179 162 106
1/1534849300068213.png 1 234 178 163 108
1/1534849300568223.png 1 223 178 158 105
1/1534849300666109.png 1 207 180 165 101
1/1534849300767150.png 1 197 177 172 106
1/1534849300866083.png 1 199 183 171 96
1/1534849300966054.png 1 203 179 165 101
1/1534849301068436.png 1 191 182 180 98
1/1534849301568132.png 1 227 179 178 102
1/1534849301666241.png 1 213 182 189 100
1/1534849301766241.png 1 215 181 186 102
1/1534849301866209.png 1 220 180 185 102
1/1534849301967346.png 1 218 181 186 102
1/1534849302068290.png 1 213 185 186 100
1/1534849302165758.png 1 217 185 181 97
1/1534849302265926.png 1 210 189 190 93
1/1534849302676759.png 1 198 183 186 101
1/1534849302765627.png 1 197 184 190 100
1/1534849302965579.png 1 200 183 187 97
1/1534849303477025.png 1 211 182 177 100
1/1534849303578756.png 1 210 178 181 103
1/1534849303865390.png 1 233 181 160 104
1/1534849304067762.png 1 236 180 155 106
1/1534849304265344.png 1 229 181 162 105
1/1534849304569555.png 1 226 173 166 110