2/1534849379452440.png 1 268 181 139 100
2/1534849380150839.png 1 262 183 145 97
2/1534849380650758.png 1 263 184 145 96
2/1534849381263646.png 1 269 184 138 98
2/1534849381751663.png 1 276 182 146 97
2/1534849382150753.png 1 257 187 145 94
2/1534849382551925.png 1 251 184 156 89
2/1534849383051942.png 1 258 188 160 82
2/1534849383450510.png 1 284 188 159 86
2/1534849383850507.png 1 298 188 167 82
2/1534849384250096.png 1 295 185 179 86
2/1534849384650530.png 1 272 184 177 95
2/1534849385160840.png 1 280 190 168 80
2/1534849385650153.png 1 281 190 156 81
2/1534849386149717.png 1 266 187 151 78
2/1534849386649754.png 1 275 193 138 72
2/1534849387051208.png 1 271 191 139 71
2/1534849387551038.png 1 277 191 131 68
2/1534849388149349.png 1 249 187 126 68
2/1534849388649372.png 1 205 182 121 71
2/1534849389349216.png 1 167 183 110 64
2/1534849389552035.png 1 163 184 106 65
2/1534849389849100.png 1 171 188 113 66
2/1534849390050733.png 1 192 189 104 64
2/1534849390349036.png 1 202 186 109 69
2/1534849390648768.png 1 214 188 96 65
2/1534849390859957.png 1 213 189 96 64
2/1534849391050847.png 1 209 192 97 67
2/1534849391248654.png 1 211 195 99 58
2/1534849391550439.png 1 216 182 100 72
2/1534849391748442.png 1 202 186 104 68
2/1534849391949834.png 1 201 184 105 73
2/1534849392248690.png 1 183 189 107 69
2/1534849392551388.png 1 184 192 107 66
2/1534849392848965.png 1 190 192 112 62
2/1534849393149432.png 1 179 191 117 64
2/1534849393348984.png 1 190 186 129 71
2/1534849393648099.png 1 214 192 127 66
2/1534849393948050.png 1 231 185 133 80
2/1534849394349144.png 1 236 190 128 67
