3/1534849410745143.png 1 286 179 134 92
3/1534849411157376.png 1 286 186 135 90
3/1534849411547165.png 1 284 183 138 90
3/1534849411945217.png 1 297 187 137 90
3/1534849412346429.png 1 303 186 132 91
3/1534849412744921.png 1 297 186 137 87
3/1534849413145132.png 1 304 186 153 83
3/1534849413547770.png 1 305 192 155 80
3/1534849413944339.png 1 284 187 163 90
3/1534849414344335.png 1 263 184 166 86
3/1534849414745341.png 1 284 183 164 88
3/1534849415046353.png 1 285 186 165 85
3/1534849415444730.png 1 282 188 174 84
3/1534849415844440.png 1 278 191 191 88
3/1534849416244621.png 1 245 186 208 100
3/1534849416547339.png 1 241 184 239 114
3/1534849416644327.png 1 241 187 241 109
3/1534849416744351.png 1 235 181 247 109
3/1534849416844160.png 1 242 185 236 110
3/1534849416943960.png 1 236 181 242 116
3/1534849417045799.png 1 228 186 251 108
3/1534849417156851.png 1 218 180 255 119
3/1534849417244067.png 1 230 186 239 111
3/1534849417545646.png 1 251 186 233 116
3/1534849417744876.png 1 246 183 225 128
3/1534849418045740.png 1 237 181 215 116
3/1534849418244099.png 1 231 174 214 119
3/1534849418443679.png 1 221 175 210 118
3/1534849418655180.png 1 241 178 191 125
3/1534849418843744.png 1 231 173 198 125
3/1534849418944966.png 1 232 174 199 133
3/1534849419045420.png 1 229 180 203 123
3/1534849419143611.png 1 233 172 193 130
3/1534849419343610.png 1 237 175 192 124
3/1534849419443583.png 1 231 174 198 127
3/1534849419643544.png 1 241 174 187 122
3/1534849419743741.png 1 242 172 189 126
3/1534849419944059.png 1 241 176 191 124
3/1534849420046255.png 1 241 172 205 123
3/1534849420145033.png 1 238 179 220 119
3/1534849420243802.png 1 240 171 219 128
3/1534849420344478.png 1 229 174 227 127
3/1534849420444644.png 1 217 175 230 122
3/1534849420545955.png 1 207 177 233 119
3/1534849421045318.png 1 235 173 226 122
3/1534849421443529.png 1 211 170 240 131
3/1534849421743770.png 1 189 170 241 126
3/1534849422044811.png 1 176 171 243 125
3/1534849422443360.png 1 149 167 252 127
3/1534849422743436.png 1 158 174 242 120
3/1534849423144503.png 1 162 173 239 118
3/1534849423544789.png 1 164 164 236 128
3/1534849423943354.png 1 163 165 239 134
