4/1534849454637913.png 1 222 176 203 133
4/1534849454737542.png 1 226 179 198 125
4/1534849454837291.png 1 222 178 204 130
4/1534849454938382.png 1 221 177 207 132
4/1534849455040415.png 1 219 176 206 130
4/1534849455137174.png 1 221 179 203 128
4/1534849455237494.png 1 227 176 199 129
4/1534849455349264.png 1 217 175 210 133
4/1534849455437223.png 1 217 173 209 137
4/1534849455540635.png 1 224 176 201 134
4/1534849455638058.png 1 210 170 217 135
4/1534849455738051.png 1 231 176 194 133
4/1534849455838184.png 1 226 177 210 135
4/1534849455937047.png 1 230 180 205 126
4/1534849456039301.png 1 225 173 204 136
4/1534849456155795.png 1 214 177 197 132
4/1534849456237968.png 1 212 175 204 134
4/1534849456337970.png 1 229 181 198 132
4/1534849456438103.png 1 221 175 203 130
4/1534849456540066.png 1 226 178 199 131
4/1534849456636931.png 1 238 178 194 129
4/1534849456738091.png 1 236 180 198 129
4/1534849456837722.png 1 248 181 195 125
4/1534849456937856.png 1 255 179 196 128
4/1534849457040185.png 1 250 177 202 129
4/1534849457137814.png 1 246 180 207 132
4/1534849457237734.png 1 245 179 212 133
4/1534849457339037.png 1 237 181 221 130
4/1534849457437787.png 1 246 177 217 137
4/1534849457540135.png 1 247 180 217 129
4/1534849457638034.png 1 245 182 221 130
4/1534849457737543.png 1 241 183 229 129
4/1534849457837556.png 1 243 177 240 130
4/1534849457938814.png 1 262 181 227 130
4/1534849458039813.png 1 253 182 235 134
4/1534849458138095.png 1 239 180 242 132
4/1534849458236760.png 1 235 178 240 133
4/1534849458336561.png 1 241 184 236 124
4/1534849458436467.png 1 229 177 249 134
4/1534849458539938.png 1 224 179 248 124
4/1534849458637347.png 1 233 183 242 127
4/1534849458737438.png 1 226 182 250 122
4/1534849458837560.png 1 224 183 255 124
4/1534849458937496.png 1 227 180 258 131
4/1534849459039945.png 1 244 179 254 132
4/1534849459138615.png 1 238 181 259 126
4/1534849459237327.png 1 233 185 256 120
4/1534849459337371.png 1 229 180 261 133
4/1534849459437459.png 1 235 178 260 128
4/1534849459540239.png 1 235 181 258 132
4/1534849459637224.png 1 238 183 256 125
4/1534849459738583.png 1 234 178 258 134
4/1534849459837228.png 1 235 183 251 122
4/1534849459937594.png 1 226 189 262 117
4/1534849460039784.png 1 228 187 254 117
4/1534849460137388.png 1 221 180 258 122
4/1534849460237712.png 1 229 178 239 119
4/1534849460339060.png 1 225 180 235 114
4/1534849460437891.png 1 230 179 225 113
4/1534849460540303.png 1 223 181 227 118
4/1534849460637388.png 1 231 181 218 119
4/1534849460737038.png 1 228 179 211 108
4/1534849460838184.png 1 229 179 199 109
4/1534849460937823.png 1 229 183 194 101
4/1534849461039418.png 1 221 184 198 96
4/1534849461137494.png 1 222 183 196 94
4/1534849461237353.png 1 227 187 191 91
4/1534849461336064.png 1 231 185 184 89
4/1534849461435912.png 1 227 185 188 92
4/1534849461539539.png 1 227 181 186 95
4/1534849461637046.png 1 235 184 174 85
4/1534849461736853.png 1 237 184 173 90
4/1534849461849890.png 1 227 184 178 92
4/1534849461950384.png 1 227 188 172 86
4/1534849462039074.png 1 220 190 177 83
4/1534849462138138.png 1 225 184 172 82
4/1534849462237884.png 1 240 185 162 82
4/1534849462336833.png 1 234 190 172 79
4/1534849462435999.png 1 244 188 161 80
4/1534849462537963.png 1 241 189 166 83
4/1534849462635971.png 1 248 185 157 84
4/1534849462738485.png 1 253 194 157 74
4/1534849462836884.png 1 255 190 151 83
4/1534849462937000.png 1 255 190 154 80
4/1534849463038136.png 1 254 190 150 79
4/1534849463137000.png 1 246 185 151 83
4/1534849463236904.png 1 250 194 150 65
4/1534849463337838.png 1 242 183 149 79
4/1534849463437744.png 1 242 182 147 85
4/1534849463539968.png 1 241 182 136 79
4/1534849463637812.png 1 232 183 133 80
4/1534849463737705.png 1 235 185 125 82
4/1534849463837675.png 1 240 184 124 82
4/1534849463938260.png 1 247 193 119 72
4/1534849464039886.png 1 248 188 119 68
4/1534849464137170.png 1 242 183 135 74
4/1534849464237145.png 1 254 187 123 71
4/1534849464336945.png 1 244 180 133 80
4/1534849464436966.png 1 249 183 122 71
4/1534849464540450.png 1 251 190 122 71
4/1534849464636215.png 1 258 184 117 76
4/1534849464736189.png 1 260 187 107 74
4/1534849464836339.png 1 233 181 120 78
4/1534849464936257.png 1 245 178 109 79
4/1534849465038246.png 1 241 180 110 76
4/1534849465136422.png 1 238 181 111 80
4/1534849465236218.png 1 218 177 116 78
4/1534849465336096.png 1 219 175 111 80
4/1534849465436348.png 1 226 182 107 74
4/1534849465538180.png 1 241 180 103 79
4/1534849465636156.png 1 236 183 99 76
4/1534849465737365.png 1 227 189 101 67
4/1534849465836091.png 1 211 184 111 70
4/1534849466436105.png 1 190 180 115 73
4/1534849466538008.png 1 181 179 124 73
4/1534849466636446.png 1 179 172 125 83
4/1534849466735909.png 1 181 180 129 80
4/1534849466836159.png 1 175 177 132 75
4/1534849466937187.png 1 173 178 133 80
4/1534849467037891.png 1 181 182 133 79
4/1534849467135832.png 1 190 179 135 77
4/1534849467539105.png 1 221 169 136 85
4/1534849467635789.png 1 233 175 138 83
4/1534849467735684.png 1 237 179 143 79
4/1534849467835893.png 1 251 177 136 82
4/1534849467935649.png 1 250 179 144 80
4/1534849468037719.png 1 250 175 144 83
4/1534849468136839.png 1 269 191 131 70
4/1534849468235700.png 1 275 187 138 70
4/1534849468335556.png 1 282 188 141 72
4/1534849468447351.png 1 286 188 143 71
4/1534849468537675.png 1 291 185 137 73
4/1534849469049134.png 1 271 181 146 83
4/1534849469167395.png 1 273 170 148 90
4/1534849469236135.png 1 280 180 138 80
4/1534849469335599.png 1 274 182 147 75
4/1534849469434377.png 1 270 180 149 77
4/1534849469536274.png 1 276 180 144 77
4/1534849469634543.png 1 283 190 140 71
4/1534849469734329.png 1 276 176 146 80
4/1534849469834289.png 1 269 177 150 82
4/1534849469947226.png 1 272 176 148 81
4/1534849470052271.png 1 273 180 146 81
4/1534849470136681.png 1 267 181 151 77
4/1534849470235590.png 1 271 180 148 79
