1/1534849290367911.png 1 244 180 162 109
1/1534849291070018.png 1 242 181 164 108
1/1534849291168990.png 1 242 181 162 108
1/1534849291267650.png 1 248 178 156 112
1/1534849291369051.png 1 246 181 157 112
1/1534849292667597.png 1 269 170 159 117
1/1534849293767229.png 1 221 156 187 100
1/1534849293867385.png 1 227 162 185 97
1/1534849293967199.png 1 228 170 186 104
1/1534849294069417.png 1 227 179 189 98
1/1534849294467361.png 1 217 176 202 107
1/1534849294569393.png 1 209 178 210 103
1/1534849294667123.png 1 212 177 209 103
1/1534849294768128.png 1 222 178 206 108
1/1534849294867051.png 1 217 179 215 111
1/1534849294967113.png 1 222 180 214 102
1/1534849295766902.png 1 243 182 222 102
1/1534849295866899.png 1 239 179 231 104
1/1534849295967954.png 1 240 179 228 107
1/1534849296069149.png 1 237 179 230 106
1/1534849296167618.png 1 229 181 239 105
1/1534849296267552.png 1 231 181 233 106
1/1534849296367412.png 1 232 185 225 102
1/1534849297266925.png 1 219 179 220 103
1/1534849297367209.png 1 216 177 213 101
1/1534849297467214.png 1 213 180 208 101
1/1534849297569277.png 1 202 177 204 110
1/1534849297666859.png 1 188 179 203 101
1/1534849298069007.png 1 193 180 189 100
1/1534849298166517.png 1 187 177 195 103
1/1534849298766607.png 1 221 178 163 111
1/1534849298866375.png 1 207 181 177 108
1/1534849298967433.png 1 207 181 175 108
1/1534849299081206.png 1 225 183 157 103
1/1534849299866406.png 1 223 181 166 106
1/1534849299966147.png 1 230 179 162 106
1/1534849300068213.png 1 234 178 163 108
1/1534849300568223.png 1 223 178 158 105
1/1534849300666109.png 1 207 180 165 101
1/1534849300767150.png 1 197 177 172 106
1/1534849300866083.png 1 199 183 171 96
1/1534849300966054.png 1 203 179 165 101
1/1534849301068436.png 1 191 182 180 98
1/1534849301568132.png 1 227 179 178 102
1/1534849301666241.png 1 213 182 189 100
1/1534849301766241.png 1 215 181 186 102
1/1534849301866209.png 1 220 180 185 102
1/1534849301967346.png 1 218 181 186 102
1/1534849302068290.png 1 213 185 186 100
1/1534849302165758.png 1 217 185 181 97
1/1534849302265926.png 1 210 189 190 93
1/1534849302676759.png 1 198 183 186 101
1/1534849302765627.png 1 197 184 190 100
1/1534849302965579.png 1 200 183 187 97
1/1534849303477025.png 1 211 182 177 100
1/1534849303578756.png 1 210 178 181 103
1/1534849303865390.png 1 233 181 160 104
1/1534849304067762.png 1 236 180 155 106
1/1534849304265344.png 1 229 181 162 105
1/1534849304569555.png 1 226 173 166 110
2/1534849379452440.png 1 268 181 139 100
2/1534849380150839.png 1 262 183 145 97
2/1534849380650758.png 1 263 184 145 96
2/1534849381263646.png 1 269 184 138 98
2/1534849381751663.png 1 276 182 146 97
2/1534849382150753.png 1 257 187 145 94
2/1534849382551925.png 1 251 184 156 89
2/1534849383051942.png 1 258 188 160 82
2/1534849383450510.png 1 284 188 159 86
2/1534849383850507.png 1 298 188 167 82
2/1534849384250096.png 1 295 185 179 86
2/1534849384650530.png 1 272 184 177 95
2/1534849385160840.png 1 280 190 168 80
2/1534849385650153.png 1 281 190 156 81
2/1534849386149717.png 1 266 187 151 78
2/1534849386649754.png 1 275 193 138 72
2/1534849387051208.png 1 271 191 139 71
2/1534849387551038.png 1 277 191 131 68
2/1534849388149349.png 1 249 187 126 68
2/1534849388649372.png 1 205 182 121 71
2/1534849389349216.png 1 167 183 110 64
2/1534849389552035.png 1 163 184 106 65
2/1534849389849100.png 1 171 188 113 66
2/1534849390050733.png 1 192 189 104 64
2/1534849390349036.png 1 202 186 109 69
2/1534849390648768.png 1 214 188 96 65
2/1534849390859957.png 1 213 189 96 64
2/1534849391050847.png 1 209 192 97 67
2/1534849391248654.png 1 211 195 99 58
2/1534849391550439.png 1 216 182 100 72
2/1534849391748442.png 1 202 186 104 68
2/1534849391949834.png 1 201 184 105 73
2/1534849392248690.png 1 183 189 107 69
2/1534849392551388.png 1 184 192 107 66
2/1534849392848965.png 1 190 192 112 62
2/1534849393149432.png 1 179 191 117 64
2/1534849393348984.png 1 190 186 129 71
2/1534849393648099.png 1 214 192 127 66
2/1534849393948050.png 1 231 185 133 80
2/1534849394349144.png 1 236 190 128 67
3/1534849410745143.png 1 286 179 134 92
3/1534849411157376.png 1 286 186 135 90
3/1534849411547165.png 1 284 183 138 90
3/1534849411945217.png 1 297 187 137 90
3/1534849412346429.png 1 303 186 132 91
3/1534849412744921.png 1 297 186 137 87
3/1534849413145132.png 1 304 186 153 83
3/1534849413547770.png 1 305 192 155 80
3/1534849413944339.png 1 284 187 163 90
3/1534849414344335.png 1 263 184 166 86
3/1534849414745341.png 1 284 183 164 88
3/1534849415046353.png 1 285 186 165 85
3/1534849415444730.png 1 282 188 174 84
3/1534849415844440.png 1 278 191 191 88
3/1534849416244621.png 1 245 186 208 100
3/1534849416547339.png 1 241 184 239 114
3/1534849416644327.png 1 241 187 241 109
3/1534849416744351.png 1 235 181 247 109
3/1534849416844160.png 1 242 185 236 110
3/1534849416943960.png 1 236 181 242 116
3/1534849417045799.png 1 228 186 251 108
3/1534849417156851.png 1 218 180 255 119
3/1534849417244067.png 1 230 186 239 111
3/1534849417545646.png 1 251 186 233 116
3/1534849417744876.png 1 246 183 225 128
3/1534849418045740.png 1 237 181 215 116
3/1534849418244099.png 1 231 174 214 119
3/1534849418443679.png 1 221 175 210 118
3/1534849418655180.png 1 241 178 191 125
3/1534849418843744.png 1 231 173 198 125
3/1534849418944966.png 1 232 174 199 133
3/1534849419045420.png 1 229 180 203 123
3/1534849419143611.png 1 233 172 193 130
3/1534849419343610.png 1 237 175 192 124
3/1534849419443583.png 1 231 174 198 127
3/1534849419643544.png 1 241 174 187 122
3/1534849419743741.png 1 242 172 189 126
3/1534849419944059.png 1 241 176 191 124
3/1534849420046255.png 1 241 172 205 123
3/1534849420145033.png 1 238 179 220 119
3/1534849420243802.png 1 240 171 219 128
3/1534849420344478.png 1 229 174 227 127
3/1534849420444644.png 1 217 175 230 122
3/1534849420545955.png 1 207 177 233 119
3/1534849421045318.png 1 235 173 226 122
3/1534849421443529.png 1 211 170 240 131
3/1534849421743770.png 1 189 170 241 126
3/1534849422044811.png 1 176 171 243 125
3/1534849422443360.png 1 149 167 252 127
3/1534849422743436.png 1 158 174 242 120
3/1534849423144503.png 1 162 173 239 118
3/1534849423544789.png 1 164 164 236 128
3/1534849423943354.png 1 163 165 239 134
4/1534849454637913.png 1 222 176 203 133
4/1534849454737542.png 1 226 179 198 125
4/1534849454837291.png 1 222 178 204 130
4/1534849454938382.png 1 221 177 207 132
4/1534849455040415.png 1 219 176 206 130
4/1534849455137174.png 1 221 179 203 128
4/1534849455237494.png 1 227 176 199 129
4/1534849455349264.png 1 217 175 210 133
4/1534849455437223.png 1 217 173 209 137
4/1534849455540635.png 1 224 176 201 134
4/1534849455638058.png 1 210 170 217 135
4/1534849455738051.png 1 231 176 194 133
4/1534849455838184.png 1 226 177 210 135
4/1534849455937047.png 1 230 180 205 126
4/1534849456039301.png 1 225 173 204 136
4/1534849456155795.png 1 214 177 197 132
4/1534849456237968.png 1 212 175 204 134
4/1534849456337970.png 1 229 181 198 132
4/1534849456438103.png 1 221 175 203 130
4/1534849456540066.png 1 226 178 199 131
4/1534849456636931.png 1 238 178 194 129
4/1534849456738091.png 1 236 180 198 129
4/1534849456837722.png 1 248 181 195 125
4/1534849456937856.png 1 255 179 196 128
4/1534849457040185.png 1 250 177 202 129
4/1534849457137814.png 1 246 180 207 132
4/1534849457237734.png 1 245 179 212 133
4/1534849457339037.png 1 237 181 221 130
4/1534849457437787.png 1 246 177 217 137
4/1534849457540135.png 1 247 180 217 129
4/1534849457638034.png 1 245 182 221 130
4/1534849457737543.png 1 241 183 229 129
4/1534849457837556.png 1 243 177 240 130
4/1534849457938814.png 1 262 181 227 130
4/1534849458039813.png 1 253 182 235 134
4/1534849458138095.png 1 239 180 242 132
4/1534849458236760.png 1 235 178 240 133
4/1534849458336561.png 1 241 184 236 124
4/1534849458436467.png 1 229 177 249 134
4/1534849458539938.png 1 224 179 248 124
4/1534849458637347.png 1 233 183 242 127
4/1534849458737438.png 1 226 182 250 122
4/1534849458837560.png 1 224 183 255 124
4/1534849458937496.png 1 227 180 258 131
4/1534849459039945.png 1 244 179 254 132
4/1534849459138615.png 1 238 181 259 126
4/1534849459237327.png 1 233 185 256 120
4/1534849459337371.png 1 229 180 261 133
4/1534849459437459.png 1 235 178 260 128
4/1534849459540239.png 1 235 181 258 132
4/1534849459637224.png 1 238 183 256 125
4/1534849459738583.png 1 234 178 258 134
4/1534849459837228.png 1 235 183 251 122
4/1534849459937594.png 1 226 189 262 117
4/1534849460039784.png 1 228 187 254 117
4/1534849460137388.png 1 221 180 258 122
4/1534849460237712.png 1 229 178 239 119
4/1534849460339060.png 1 225 180 235 114
4/1534849460437891.png 1 230 179 225 113
4/1534849460540303.png 1 223 181 227 118
4/1534849460637388.png 1 231 181 218 119
4/1534849460737038.png 1 228 179 211 108
4/1534849460838184.png 1 229 179 199 109
4/1534849460937823.png 1 229 183 194 101
4/1534849461039418.png 1 221 184 198 96
4/1534849461137494.png 1 222 183 196 94
4/1534849461237353.png 1 227 187 191 91
4/1534849461336064.png 1 231 185 184 89
4/1534849461435912.png 1 227 185 188 92
4/1534849461539539.png 1 227 181 186 95
4/1534849461637046.png 1 235 184 174 85
4/1534849461736853.png 1 237 184 173 90
4/1534849461849890.png 1 227 184 178 92
4/1534849461950384.png 1 227 188 172 86
4/1534849462039074.png 1 220 190 177 83
4/1534849462138138.png 1 225 184 172 82
4/1534849462237884.png 1 240 185 162 82
4/1534849462336833.png 1 234 190 172 79
4/1534849462435999.png 1 244 188 161 80
4/1534849462537963.png 1 241 189 166 83
4/1534849462635971.png 1 248 185 157 84
4/1534849462738485.png 1 253 194 157 74
4/1534849462836884.png 1 255 190 151 83
4/1534849462937000.png 1 255 190 154 80
4/1534849463038136.png 1 254 190 150 79
4/1534849463137000.png 1 246 185 151 83
4/1534849463236904.png 1 250 194 150 65
4/1534849463337838.png 1 242 183 149 79
4/1534849463437744.png 1 242 182 147 85
4/1534849463539968.png 1 241 182 136 79
4/1534849463637812.png 1 232 183 133 80
4/1534849463737705.png 1 235 185 125 82
4/1534849463837675.png 1 240 184 124 82
4/1534849463938260.png 1 247 193 119 72
4/1534849464039886.png 1 248 188 119 68
4/1534849464137170.png 1 242 183 135 74
4/1534849464237145.png 1 254 187 123 71
4/1534849464336945.png 1 244 180 133 80
4/1534849464436966.png 1 249 183 122 71
4/1534849464540450.png 1 251 190 122 71
4/1534849464636215.png 1 258 184 117 76
4/1534849464736189.png 1 260 187 107 74
4/1534849464836339.png 1 233 181 120 78
4/1534849464936257.png 1 245 178 109 79
4/1534849465038246.png 1 241 180 110 76
4/1534849465136422.png 1 238 181 111 80
4/1534849465236218.png 1 218 177 116 78
4/1534849465336096.png 1 219 175 111 80
4/1534849465436348.png 1 226 182 107 74
4/1534849465538180.png 1 241 180 103 79
4/1534849465636156.png 1 236 183 99 76
4/1534849465737365.png 1 227 189 101 67
4/1534849465836091.png 1 211 184 111 70
4/1534849466436105.png 1 190 180 115 73
4/1534849466538008.png 1 181 179 124 73
4/1534849466636446.png 1 179 172 125 83
4/1534849466735909.png 1 181 180 129 80
4/1534849466836159.png 1 175 177 132 75
4/1534849466937187.png 1 173 178 133 80
4/1534849467037891.png 1 181 182 133 79
4/1534849467135832.png 1 190 179 135 77
4/1534849467539105.png 1 221 169 136 85
4/1534849467635789.png 1 233 175 138 83
4/1534849467735684.png 1 237 179 143 79
4/1534849467835893.png 1 251 177 136 82
4/1534849467935649.png 1 250 179 144 80
4/1534849468037719.png 1 250 175 144 83
4/1534849468136839.png 1 269 191 131 70
4/1534849468235700.png 1 275 187 138 70
4/1534849468335556.png 1 282 188 141 72
4/1534849468447351.png 1 286 188 143 71
4/1534849468537675.png 1 291 185 137 73
4/1534849469049134.png 1 271 181 146 83
4/1534849469167395.png 1 273 170 148 90
4/1534849469236135.png 1 280 180 138 80
4/1534849469335599.png 1 274 182 147 75
4/1534849469434377.png 1 270 180 149 77
4/1534849469536274.png 1 276 180 144 77
4/1534849469634543.png 1 283 190 140 71
4/1534849469734329.png 1 276 176 146 80
4/1534849469834289.png 1 269 177 150 82
4/1534849469947226.png 1 272 176 148 81
4/1534849470052271.png 1 273 180 146 81
4/1534849470136681.png 1 267 181 151 77
4/1534849470235590.png 1 271 180 148 79